Asset/Landscape/Surfer.grd
DSAA
100 81
3 22
1 16.3
31.553479337736 37.286549345284
[rows 0 to 20 of 81, columns 0 to 46 of 100]
34.302723767235 34.340601265309 34.380568484875 34.422626508911 34.466769584281 34.512985657879 34.561257058922 34.587626844321 34.534180632427 34.482711603487 34.433188601379 34.385579665845 34.339853098399 34.295978506209 34.25392780309 34.213676148608 34.175202807981 34.13849191684 34.103533136162 34.070322183971 34.038861231868 34.009159156426 33.981231637885 33.955101101636 33.930796501286 33.908352945643 33.887811175294 33.86921689752 33.852619990757 33.838073591857 33.825633080929 33.815354979847 33.807295781609 33.801510728908 33.798052561375 33.796970252079 33.798307754784 33.802102783955 33.80838564938 33.817178166252 33.82849265948 33.842331077758 33.858684228547 33.877531139642 33.898838546781 33.922560499926 33.9486380739
34.252261286661 34.289084554179 34.3277885359 34.36816895754 34.40974871866 34.451179123687 34.487308827991 34.49731840774 34.467171874259 34.423126278927 34.376893990899 34.331110815518 34.286542324886 34.243465840034 34.201993678394 34.162172666513 34.124021708838 34.087548327311 34.052756871179 34.019652986574 33.988246207581 33.958551495201 33.930590118951 33.904390082557 33.879986204101 33.857419916639 33.836738833312 33.817996109996 33.801249632863 33.786561055187 33.773994706069 33.763616392843 33.755492118745 33.749686737752 33.746262569404 33.745277997587 33.746786078543 33.750833184284 33.757457707851 33.766688856073 33.778545553307 33.793035476026 33.810154232872 33.829884698224 33.852196499512 33.877045650028 33.9043743101
34.194904772102 34.229502019249 34.265370058091 34.301883754355 34.337781560487 34.370320403667 34.393508769139 34.397767247706 34.379439987252 34.346553318713 34.307393421596 34.266142162298 34.224651327355 34.183777617617 34.143946291528 34.10538203564 34.068210279968 34.032505500154 33.998316089487 33.965678042595 33.934622891379 33.905182473761 33.877391832005 33.851290927371 33.826925554016 33.804347677678 33.783615340404 33.76479222589 33.747946953057 33.733152149168 33.720483343504 33.710017716037 33.701832731615 33.696004688278 33.692607208025 33.69170969919 33.693375821004 33.697661982288 33.704615906998 33.714275298802 33.726666634747 33.741804113895 33.75968878068 33.780307834595 33.803634128255 33.829625845128 33.858226337092
34.131332816943 34.162878351624 34.194959866606 34.22662057883 34.256212263565 34.280935776592 34.296548340009 34.298553408739 34.285582045089 34.260763922571 34.228704157952 34.192920253611 34.155551126863 34.117819263325 34.080426044739 34.043784741068 34.008147580532 33.973675281882 33.940476248767 33.90862948521 33.878198465311 33.849239758748 33.821808471603 33.795961656922 33.771760366519 33.749270751117 33.728564467292 33.709718563318 33.692814964021 33.677939641746 33.665181539006 33.654631294003 33.646379811114 33.640516713317 33.637128711601 33.636297926728 33.638100200446 33.642603435326 33.649866003939 33.659935268174 33.672846247412 33.68862046972 33.707265032814 33.72877189174 33.753117378177 33.780261942911 33.810150098972
34.062469680227 34.090533867122 34.118500000152 34.145282701872 34.169259337196 34.188150228175 34.199204905509 34.200067128469 34.190073206021 34.17067782319 34.144460467002 34.113915078525 34.080927643259 34.046778446607 34.012303045026 33.978043996614 33.944358252214 33.91148676381 33.879598579968 33.84881886604 33.819246935623 33.790968007373 33.764060925186 33.738603200148 33.714674215005 33.692357126586 33.671739819278 33.65291515103 33.635980662292 33.621037871056 33.608191244609 33.597546916227 33.589211200276 33.583288950698 33.579881804337 33.579086350761 33.580992272812 33.585680505518 33.593221463946 33.603673391745 33.617080880457 33.633473604688 33.652865309526 33.675253074468 33.700616863179 33.728919351577 33.760106009076
33.989309479424 34.013789009209 34.037736459519 34.060095499076 34.079458436056 34.094100538259 34.102219996086 34.102442413583 34.094376353083 34.078775147018 34.057150151006 34.031193204981 34.002390160972 33.971892490697 33.940538145302 33.908920801473 33.877459160783 33.846451861687 33.816117348009 33.786621825764 33.758098628797 33.730661581236 33.704414178112 33.679455819025 33.655885927483 33.633806524841 33.613323656827 33.59454795779 33.577594560247 33.562582501677 33.54963373953 33.538871855919 33.530420513553 33.524401713076 33.520933897571 33.520129951058 33.522095142228 33.526925070565 33.534703677317 33.545501386822 33.559373443 33.576358500524 33.596477519963 33.619733001185 33.646108570582 33.67556891638 33.708060044032
33.912789464957 33.933796692533 33.954042833178 33.972579290184 33.988249160995 33.999765332455 34.005900427637 34.005773355605 33.999112524146 33.986327881259 33.9683399409 33.946289477994 33.921290829067 33.89429932444 33.866075087632 33.83719911516 33.808107992439 33.779129878898 33.750515207991 33.722460780514 33.695127908281 33.668655758212 33.643170985214 33.618794533054 33.595646276225 33.573848012679 33.553525196444 33.534807708483 33.51782989306 33.502730029114 33.489649359528 33.478730765672 33.470117150415 33.463949579477 33.460365227161 33.459495175902 33.461462127157 33.466378091151 33.474342132187 33.485438252343 33.499733497414 33.517276363685 33.538095572006 33.56219925707 33.589574596011 33.620187873207 33.653984949945
33.833726024364 33.851491151881 33.86843539463 33.883740562118 33.896472430687 33.905658381752 33.9104213361 33.910146343436 33.904617073075 33.894052548037 33.879024242489 33.860301841531 33.838700734863 33.814977348107 33.789779149881 33.763634358676 33.736963156587 33.710097284618 33.683300735575 33.656788293893 33.630740873875 33.605317618637 33.58066510356 33.556924086154 33.534234235197 33.512737230825 33.492578578024 33.473908422744 33.456881603419 33.441657113916 33.428397102275 33.417265488215 33.408426254535 33.402041453757 33.398268970066 33.397260084776 33.399156907669 33.404089752962 33.41217455383 33.423510420254 33.438177448848 33.456234888507 33.477719751401 33.502645935542 33.531003894606 33.562760855485 33.597861547653
33.752797873372 33.7676014403 33.781650813965 33.794252087668 33.804649161532 33.812088224343 33.815909619114 33.815648679375 33.811112550381 33.802401519582 33.789866314668 33.77402217824 33.755454418902 33.734742745147 33.712414810167 33.688926117086 33.664658022858 33.639925748959 33.614990608366 33.590073001287 33.565364405101 33.5410375845 33.51725478564 33.494173954078 33.471953159938 33.450753488509 33.430740682786 33.412085813614 33.394965211329 33.379559833798 33.36605418523 33.354634850837 33.345488681024 33.338800646546 33.334751390219 33.333514517025 33.335253687862 33.340119608055 33.348247025676 33.359751872547 33.37472868917 33.393248471115 33.415357057497 33.44107415259 33.470393031815 33.503280937143 33.539680119328
33.670555179269 33.682688180799 33.694224472543 33.704576933788 33.71312495738 33.719264875682 33.722473466855 33.722372056237 33.718773338416 33.711695560064 33.701339991842 33.688041384896 33.672208823483 33.654272857544 33.634647615034 33.613709283343 33.591787976748 33.569168660818 33.546097242676 33.522788978692 33.499437346383 33.476222264481 33.453317041942 33.430893776833 33.409127174503 33.388196934026 33.368288957834 33.349595667218 33.332315668636 33.316652941305 33.302815636939 33.291014520346 33.281461044908 33.274365049326 33.269932076068 33.268360340616 33.269837417507 33.274536748326 33.282614112966 33.294204233472 33.30941769483 33.328338365652 33.351021481658 33.377492516949 33.407746915375 33.441750692637 33.47944185631
33.587438934843 33.597182218511 33.60655152759 33.61504640868 33.622146087365 33.627348424642 33.630215080452 33.630414681418 33.627753872693 33.622188179806 33.613810517292 33.602822139127 33.589495217251 33.574136385239 33.557057565787 33.538556542489 33.518906798726 33.498354663381 33.477121461339 33.455408617739 33.433404090443 33.411288909668 33.389242956881 33.367449451525 33.346097948047 33.325385939366 33.305519354385 33.2867122928 33.269186280184 33.253169207873 33.238894004335 33.226597002986 33.216515935525 33.208887482902 33.203944346509 33.201911848993 33.203004129337 33.207420053789 33.2153390171 33.226916850723 33.242282079949 33.26153277451 33.284734213789 33.311917538544 33.34307949034 33.378183256155 33.417160349477
33.503801902386 33.511417302162 33.518930328574 33.525908095887 33.531901034498 33.536473486792 33.539237331686 33.539883158264 33.538202914715 33.534099430427 33.527581504752 33.518747030516 33.507759224588 33.494821588798 33.480156012265 33.463986442973 33.446528740242 33.427986129261 33.408549112339 33.388398522527 33.367710406731 33.346661490751 33.325434131179 33.304219965636 33.283221925964 33.262654748108 33.242744422452 33.223727089917 33.205847749449 33.189358925656 33.174519259914 33.161591882499 33.150842395141 33.142536319014 33.136935919577 33.134296391319 33.134861463951 33.13885857118 33.14649379805 33.157946885143 33.173366608597 33.192866864885 33.216523762554 33.244373958731 33.276414382 33.312603367449 33.352863110687
33.419927335839 33.425655349481 33.431592273718 33.437355790148 33.442544489757 33.446762891921 33.449648152499 33.450894588193 33.450272060584 33.447635321225 33.442923399832 33.436150329601 33.427390138194 33.416759613073 33.404401931205 33.390473260177 33.375133381341 33.358540560455 33.340850353775 33.322217674188 33.302801113369 33.282768202085 33.262300154177 33.241594905725 33.220867955938 33.200351334169 33.180291529578 33.160947231127 33.142587381123 33.125489630756 33.109938997139 33.096226402057 33.084646777732 33.07549649457 33.069069960456 33.065655343402 33.065529474572 33.068952095256 33.076159714671 33.087359436181 33.102723173927 33.122382705297 33.14642597585 33.174894988766 33.207785478176 33.245048402827 33.286593128908
33.33604434413 33.34010520834 33.34472224597 33.349548720582 33.354212210269 33.358336417393 33.361564256558 33.363579188426 33.364121901068 33.363000265511 33.360091817695 33.355339449452 33.348742096609 33.340342729212 33.330215876834 33.318456469481 33.305171212623 33.290473233601 33.274480364628 33.257317028964 33.239119078495 33.220040081628 33.200256885512 33.179972441148 33.159415113867 33.138835302875 33.118501088096 33.098694410499 33.07970845382 33.06184611162 33.045419014225 33.030746514351 33.018154126778 33.007971063963 33.000526653296 32.996145554977 32.995141830517 32.997812047959 33.004427749822 33.015227741129 33.030410757053 33.050129117627 33.074483950046 33.103522448228 33.137237453665 33.175569408387 33.218410490162
33.252339957733 33.254936372414 33.258472795549 33.262624508718 33.267031140568 33.271317380823 33.27511503944 33.278083697125 33.279927474825 33.280406209829 33.279340369244 33.276610087854 33.272149535092 33.265938251119 33.257991150562 33.248348705229 33.237068569016 33.224219747007 33.209880343739 33.194139713804 33.177105009798 33.158910389954 33.139725231208 33.119757433129 33.099250366016 33.078475525049 33.057724588077 33.037303572354 33.017529774873 32.998730782923 32.98124441001 32.965418550337 32.951610239335 32.940183466345 32.931505475951 32.925941445547 32.923847574029 32.925562782099 32.93139941145 32.94163350156 32.956495385979 32.976161442902 33.000747819245 33.030306803191 33.064826256935 33.104232181079 33.148394129425
33.168968389702 33.170289004018 33.172974300193 33.176708584232 33.181127279838 33.185838664473 33.190447253271 33.194575872139 33.197883946341 33.200080403893 33.20093060306 33.200257607763 33.197938792917 33.193899100701 33.188102325685 33.180541702707 33.171230984394 33.160197318366 33.147477663955 33.133120938272 33.117197489764 33.099814391651 33.081129994918 33.06135909383 33.040765450873 33.019647014786 32.998322157026 32.977121535771 32.956385466078 32.936464548594 32.917721353452 32.900531689301 32.885284614869 32.872380719874 32.862228398239 32.855237967918 32.851813633698 32.852343480873 32.857187936076 32.866667413176 32.88105012574 32.900541222542 32.92527441933 32.955307115349 32.990619604643 33.031118485023 33.076643839403
33.086058060022 33.08628134872 33.088342665768 33.091921839103 33.096632890101 33.102049255132 33.107731014922 33.113250453603 33.118213141854 33.122272954884 33.125140619995 33.126586300958 33.12643727621 33.124571972244 33.120911557283 33.11541011603 33.108044308904 33.098803674759 33.087683787649 33.074686474731 33.059832659254 33.043189205494 33.024898178111 33.005187166875 32.984351930139 32.962726342598 32.940659356191 32.91850552222 32.89662513472 32.875388356605 32.855179736812 32.836401443054 32.819474513911 32.804837789246 32.792944271905 32.78425471906 32.779228365113 32.778310889688 32.781920074403 32.790430010342 32.804155147449 32.823335801356 32.848126825674 32.878590929408 32.914697566541 32.956327551351 33.003282742332
33.003716893296 33.003015376631 33.004685729232 33.008387856443 33.013694305744 33.020122272 33.027167787048 33.034337041674 33.041171438009 33.047264870469 33.052273290496 33.055917583966 33.057981203831 33.058303993282 33.056773357652 33.053313526978 33.047873250407 33.040412222648 33.030887774441 33.019247664006 33.005442665216 32.989473414541 32.971455525683 32.951644534137 32.930392595899 32.90808471527 32.885103131624 32.861821874833 32.838614791029 32.815865757219 32.79397696278 32.773374375791 32.754510358791 32.737863397823 32.723934732452 32.713241556169 32.70630648495 32.703643214271 32.70573872151 32.713032992253 32.72589795027 32.744617864967 32.769373768052 32.800234148832 32.837153378134 32.879978099457 32.928460547397
32.922036302989 32.920581312083 32.922109363993 32.926240968173 32.932481637188 32.940265589562 32.949001136996 32.958110424364 32.967059398586 32.975376985789 32.982664555186 32.988597718768 32.992922647949 32.995448736999 32.996038853725 32.994597689692 32.991057846425 32.985362306314 32.977441594053 32.967188195963 32.95445083361 32.939106117767 32.92121820121 32.90111146015 32.879246300997 32.856078214891 32.832017621128 32.807445855335 32.782739175519 32.758286868174 32.734503100948 32.71183423374 32.690762673782 32.671807558879 32.655521986031 32.642486178187 32.633295902872 32.628545668759 32.628806786271 32.634601289148 32.646373853875 32.66446493384 32.689088931578 32.720320984063 32.758094702409 32.802211252952 32.852358086542
32.841094180878 32.839061640882 32.840724376315 32.845636667036 32.853202034304 32.862736518248 32.873531316073 32.884903946693 32.896233409748 32.906979847566 32.916691852366 32.925005187937 32.931636201587 32.936372298201 32.939060889436 32.939597263322 32.937910616448 32.933945449517 32.927631508147 32.918829751288 32.907256423346 32.892524905498 32.874568983785 32.853910044029 32.83122306248 32.807037046914 32.781762423996 32.755764313405 32.729406410004 32.703074097915 32.677187498907 32.652209508208 32.628650656906 32.607071065608 32.588078903893 32.572324267424 32.560487158122 32.553258391183 32.551312910572 32.555276281118 32.565686953645 32.582958851378 32.607350158903 32.63894411087 32.67764569658 32.723194936033 32.775193876752
32.760957131444 32.75853525018 32.760655723868 32.766766653911 32.776118981408 32.787862607753 32.801134977399 32.815126470438 32.829119280436 32.842504188744 32.8547821885 32.865557283017 32.874525027602 32.88145964804 32.886201227053 32.888643444229 32.888721363493 32.886396981027 32.881635017116 32.874342027729 32.864172331242 32.850160544813 32.831771770731 32.810226628139 32.786554446252 32.761262883119 32.734698933285 32.707183645401 32.679055663275 32.650689572463 32.622506557288 32.594982160444 32.568652274522 32.544117086948 32.522041881465 32.503152958528 32.48822646392 32.478067812482 32.473480008094 32.475220848819 32.483951863318 32.500185329932 32.524238577439 32.556205266714 32.595950465974 32.643130681406 32.697233850419
