Asset/Landscape/Surfer.grd
DSAA
100 81
3 22
1 16.3
31.553479337736 37.286549345284
[rows 21 to 41 of 81, columns 47 to 93 of 100]
32.682004442059 32.75100042662 32.824934107162 32.902986299411 32.9844025961 33.068503562092 33.154685059223 33.24241226797 33.331210060049 33.420651447524 33.510345073791 33.599922159325 33.68902295063 33.777282518949 33.864315716012 33.949701266413 34.032965477537 34.113567073693 34.190886437478 34.264225122297 34.332824261608 34.395911363237 34.452780163064 34.502894554043 34.545988481987 34.582122923389 34.611673437588 34.635253772998 34.653608738817 34.66751379827 34.677703493527 34.684832384403 34.689461395645 34.692059896151 34.693015624821 34.692647412237 34.691217989208 34.688945693419 34.686014736857 34.682584118172 34.678795443453 34.674779972564 34.670665196135 34.666581189428 34.662666870137 34.659076062751 34.655982868623
32.606770333838 32.679180620993 32.756522937765 32.837847331978 32.922305958081 33.00915679525 33.097756575394 33.187548035547 33.278044793242 33.36881569966 33.459469540495 33.549640355863 33.638973337152 33.727111156318 33.813680661667 33.898280149691 33.980467949794 34.059753905141 34.135596505494 34.207409719216 34.274584326236 34.336527516571 34.392720218318 34.442783793894 34.486539319624 34.524039723766 34.555562339386 34.581564393371 34.602617292204 34.619339463793 34.632342125356 34.642193550001 34.649400547472 34.654402715004 34.657574690993 34.659232655771 34.659642602542 34.659028963177 34.657582907115 34.655470086508 34.652837864031 34.649822206529 34.646554507027 34.643168630744 34.639808456574 34.636636047474 34.633840203911
32.532568722778 32.608881708715 32.690026669401 32.774916257066 32.8626150731 32.952330972274 33.04339653332 33.135247199049 33.227399559675 33.319431305104 33.410963277176 33.501643521222 33.59113304841 33.67909304562 33.765173447921 33.849003106976 33.930182254562 34.008278566377 34.082828797451 34.15334845413 34.219351836885 34.2803834213 34.336058516982 34.386106881963 34.430409275112 34.469016442116 34.502144277785 34.530146413934 34.553472311661 34.572621682127 34.588104285293 34.600409996861 34.609990019066 34.617247596494 34.62253566174 34.626158933769 34.628378542845 34.629417881528 34.629468910166 34.628698536789 34.627254964965 34.625274096707 34.622886226584 34.620223392263 34.617427858795 34.614662267085 34.612121827218
32.460225824811 32.540999378151 32.626364398197 32.71510214231 32.806208221342 32.898863158408 32.992397795441 33.086260303467 33.179987362561 33.273179953653 33.365483302711 33.456570255139 33.546127404767 33.633843496362 33.719399896568 33.802463264689 33.882680940349 33.959679967262 34.0330710023 34.102458443312 34.16745769323 34.22771931497 34.282957890257 34.332981122133 34.377713115897 34.417205989816 34.451636481598 34.48128821133 34.506523952643 34.527754070692 34.545406816616 34.559904207486 34.571644949146 34.580994117938 34.588278377015 34.593785234488 34.597764987021 34.600434299213 34.601980701393 34.602567581312 34.602339485564 34.601427748237 34.59995665369 34.598050549546 34.595842587334 34.593486099292 34.591169964604
32.390823778604 32.476659292482 32.566646194374 32.659463499663 32.754074981975 32.849669332651 32.945605773265 33.041369325794 33.136535615371 33.230743625336 33.323674625596 33.415035759806 33.504547167374 33.59193191222 33.676908361365 33.759185001697 33.838457998847 33.914412060955 33.986725307639 34.055078756026 34.11917059974 34.178734601729 34.233560730758 34.2835149703 34.328554552262 34.368735226277 34.404208699549 34.435210619341 34.462041562139 34.485044665616 34.504583523724 34.521023046622 34.534714718744 34.545986552835 34.555137278661 34.562433942414 34.568112026794 34.572377307407 34.575408840279 34.577362669788 34.578376032902 34.578572015695 34.578064811736 34.57696597781 34.575392445413 34.573477632231 34.571387958261
32.325794835443 32.417274581866 32.512200412432 32.609214762956 32.707310104231 32.805731599739 32.903902816062 33.001371527505 33.09777075056 33.192790680485 33.286158271721 33.37762219249 33.466941660292 33.553878249118 33.638190201025 33.719629114839 33.797939141415 33.872858979618 33.944127005533 34.011489727348 34.074713394076 34.133597998923 34.187992203302 34.237807077035 34.28302628712 34.323710699821 34.359996309707 34.392085719936 34.420234635455 34.44473559618 34.465901299714 34.484049440997 34.499490290434 34.512517511003 34.523402153055 34.532389422114 34.539697667763 34.545519033566 34.550021281038 34.553350412647 34.555633846771 34.5569840363 34.557502584697 34.557285133526 34.556427648984 34.555035380724 34.553237049003
32.267034142557 32.364596547254 32.464583691807 32.565713884182 32.667090950023 32.768072601139 32.868183294493 32.967056915142 33.06439870595 33.15995953257 33.253518136411 33.344868692107 33.433812047675 33.520149711418 33.603680104452 33.68419690469 33.761489506953 33.835345723614 33.905556839414 33.971924993947 34.034272587228 34.092453013123 34.146361600337 34.195945312357 34.241209676143 34.282221677742 34.319107970501 34.352048542087 34.381266748577 34.407017132939 34.429572593571 34.449212284485 34.466211235435 34.480832225598 34.493320042957 34.503897971934 34.512766183571 34.520101635979 34.526059098094 34.530772959872 34.53435956741 34.536919912935 34.538542618885 34.53930730062 34.539288622388 34.538561797117 34.537211234118
32.217001153046 32.32072760073 32.425551266553 32.530417470789 32.634631220588 32.737713663945 32.839318011375 32.939178972131 33.037081378052 33.132840090152 33.226286771938 33.317261034305 33.405604544339 33.491157328475 33.573755887869 33.653232981496 33.729419067048 33.802145438175 33.871249059751 33.936578978365 33.998003980091 34.055420910008 34.108762814861 34.158005901075 34.203174295413 34.244341801741 34.281630248182 34.315204528257 34.345264929072 34.3720376882 34.395764859889 34.416694502385 34.435071978768 34.451132874404 34.465097747703 34.477168695012 34.487527545724 34.496335409743 34.503733264884 34.509843280765 34.514770613293 34.51860545804 34.521425213829 34.523296678543 34.524278285588 34.524422521749 34.523778933045
32.178726289879 32.288041396521 32.396958355324 32.50479027356 32.611106176777 32.715615795303 32.81810861413 32.918419794617 33.016410147594 33.111953858023 33.204930734801 33.295221287255 33.382703730747 33.467252464864 33.548737819352 33.627027004565 33.701986270103 33.773484280561 33.841396664653 33.905611586609 33.96603603737 34.022602371546 34.075274463194 34.124052767209 34.168977597087 34.210130085671 34.247630568679 34.281634469597 34.312326094839 34.339910997925 34.364607695348 34.38663950579 34.406227162896 34.423582662773 34.438904596435 34.452375021892 34.464157774166 34.474398005209 34.483222689527 34.490741818545 34.497050026549 34.502228431446 34.506346523759 34.509463989014 34.511632397483 34.51289674147 34.513296852978
32.155567245404 32.268943155978 32.380570174547 32.490165104436 32.597551878934 32.702607563378 32.80523579872 32.90535267819 33.002878754496 33.097734321233 33.189836604653 33.279098201252 33.365426448087 33.448723599397 33.528887783705 33.605814763728 33.679400530198 33.749544734003 33.816154900045 33.879151274321 33.938472042245 33.994078538944 34.045959976893 34.09413717189 34.138664779643 34.179631672596 34.217159279694 34.251397949486 34.282521634628 34.310721388709 34.336198280965 34.359156357002 34.379796209613 34.398309593827 34.414875353134 34.429656749835 34.442800138207 34.454434803865 34.464673725787 34.473614999088 34.481343679734 34.487933867062 34.493450918783 34.497953797959 34.50149770481 34.504137419058 34.505932371489
32.150561650308 32.265446706489 32.37779271086 32.487570427761 32.594752818921 32.699310312574 32.801208520088 32.90040703459 32.996858791197 33.090509789627 33.181299118701 33.269159290106 33.354016925033 33.435793856511 33.514408716337 33.589779068243 33.661824126033 33.73046805447 33.79564379076 33.857297248013 33.915391676066 33.969911872212 34.020867871428 34.068297721055 34.112268973257 34.152878616487 34.19025130884 34.224535953843 34.255900845948 34.284527778731 34.310605626352 34.334323958875 34.355867226379 34.375409950155 34.393113209482 34.409122537565 34.423567173008 34.43656048326 34.448201302882 34.458575917874 34.46776047215 34.475823663785 34.48282973339 34.488841940365 34.493927031841 34.49816178066 34.501643864841
32.165477513942 32.278675336012 32.389396287149 32.497569476501 32.6031440533 32.706076326454 32.806323679562 32.903841480614 32.998581476876 33.090491031385 33.179512921791 33.265585589647 33.348643810217 33.428619792939 33.505444738388 33.579050875294 33.64937398312 33.716356372232 33.779950246115 33.840121311253 33.896852436219 33.95014710124 34.000032334401 34.046560812973 34.089811828292 34.129890876138 34.166927741178 34.201073086106 34.232493719143 34.261366876627 34.287873995184 34.312194533016 34.334500408652 34.354951546929 34.373692864656 34.390852823678 34.406543473275 34.420861743987 34.43389167306 34.445707247034 34.456375629502 34.465960684799 34.474526902856 34.48214409341 34.488893610075 34.494877523759 34.500233358771
32.200108649907 32.308533330545 32.415347642645 32.520167860957 32.622757290344 32.722955870967 32.82064526166 32.915730330307 33.00812885282 33.097765628144 33.184569150113 33.268469884819 33.349399652771 33.427291847461 33.502082342509 33.573710997638 33.642123693443 33.707274818439 33.76913010669 33.827669686176 33.882891153133 33.934812443002 33.983474232604 34.028941589319 34.071304589895 34.110677671327 34.14719755452 34.181019700667 34.212313417469 34.241255915152 34.268025794769 34.292796593425 34.315731066236 34.33697681777 34.356663703276 34.374903142974 34.391789205549 34.407401099381 34.421806614351 34.435066092569 34.447236646808 34.458376551793 34.468549978394 34.477832524436 34.486318351192 34.494130221278 34.501434397067
32.252391745495 32.353758909859 32.454836524183 32.554828115456 32.65322946382 32.749702627873 32.844008058608 32.935966386517 33.025436088474 33.112300066676 33.196457477188 33.277818812477 33.356303115981 33.431836679597 33.504352836011 33.573792601098 33.640105995743 33.703253907503 33.763210355428 33.819965005525 33.873525756949 33.923921185984 33.971202602257 34.015445445745 34.056749741247 34.0952393386 34.131059714299 34.164374207833 34.195358726529 34.22419517658 34.251064140892 34.276137567375 34.299572368377 34.321505782355 34.342053085257 34.361307820124 34.379344270514 34.39622158054 34.411988809636 34.426690304269 34.440371005462 34.453081605583 34.464883758352 34.475855808373 34.486099741758 34.495750256781 34.504986911908
32.319241601093 32.412322532077 32.506482551751 32.600584946194 32.693870813923 32.785815982708 32.876045134234 32.964279531735 33.050304585567 33.133949363073 33.21507348743 33.293558755766 33.369303882286 33.442221394487 33.512236075296 33.579284558355 33.643315807555 33.704292279098 33.762191594791 33.817008560878 33.868757355059 33.917473680387 33.963216652184 34.006070146349 34.046143300054 34.083569829088 34.118505829213 34.151125791561 34.181616721003 34.210170528594 34.236975263102 34.262206170594 34.286017870142 34.30853893382 34.329869772788 34.350084045984 34.369233072047 34.387352216345 34.404468096565 34.420605670527 34.435794682479 34.450075378476 34.463503747877 34.47615676809 34.488138220167 34.499585578605 34.510678145692
32.397459138061 32.481926298462 32.568620205352 32.656214680065 32.743769727643 32.830608332069 32.916232533191 33.000267385985 33.082423647191 33.162472836829 33.240230498194 33.315544962144 33.388289882639 33.458359422272 33.525665353619 33.590135585834 33.651713777806 33.710359791047 33.766050787178 33.818782798405 33.868572601617 33.915459710759 33.959508268557 34.000808566658 34.039477853485 34.075660009242 34.109523600158 34.141257816336 34.171065923035 34.199156195569 34.225730897962 34.250974612114 34.275043857139 34.298060085241 34.320107556939 34.341236408845 34.361469929873 34.380814226121 34.399268355613 34.416833518024 34.433520631832 34.449356295 34.464387544546 34.478685990347 34.492351842811 34.50551810349 34.51835469485
32.48426978844 32.560383924037 32.639552191237 32.720402688081 32.801904413549 32.88328084565 32.963941715198 33.043432366167 33.121397232076 33.19755383716 33.27167440927 33.343572949254 33.413096226528 33.48011763387 33.544533161266 33.606258973305 33.665230226121 33.721400859911 33.774744166651 33.825253969164 33.872946262123 33.917861158592 33.960064953698 33.999652052893 34.036746407472 34.071501951508 34.104101358399 34.134752289972 34.163680319475 34.191118055107 34.217290836844 34.24240068741 34.266611529361 34.29003923898 34.3127492303 34.334762084773 34.356065324309 34.376628011687 34.396414952319 34.415398421276 34.433566720857 34.450929889476 34.467523359107 34.483410398364 34.498683947314 34.513468057054 34.527918622437
32.577485785743 32.645814159877 32.717715191762 32.791871278339 32.867237770539 32.942992973443 33.018490508077 33.093219305033 33.166772024111 33.238820946078 33.309099927613 33.377391079881 33.443515065701 33.507324161179 33.56869744332 33.627537634336 33.683769260241 33.737337873713 33.788210156987 33.836374765141 33.881843796067 33.924654778794 33.964873049133 34.002594315849 34.03794708926 34.071094421604 34.1022340832 34.131595912918 34.159434798901 34.186017909748 34.211605872205 34.236429820384 34.260669038654 34.284435606781 34.307771217647 34.330657126196 34.35303340541 34.374821246067 34.395942828341 34.416335918802 34.435962889039 34.454815313634 34.472915695356 34.490317615907 34.507105111054 34.523391525693 34.539317584573
32.675463119472 32.736690236633 32.801757695017 32.869457154493 32.938784283929 33.008916813847 33.079186087056 33.149049040117 33.218063609831 33.285868419991 33.35216659978 33.416713201879 33.479305608083 33.539776359881 33.597987944778 33.653829167307 33.707212821503 33.758074455288 33.806372077454 33.852086706473 33.895223697902 33.935814810512 33.973920970865 34.009635650708 34.043088642709 34.074449747856 34.103931399495 34.131788506833 34.158312930914 34.183819519663 34.208621573886 34.232997145014 34.257153399307 34.281201048925 34.305149498744 34.328924700077 34.352401568089 34.375438607939 34.397905481028 34.419700236703 34.440757438361 34.461050147588 34.480588560627 34.499417198752 34.517611632738 34.535275004219 34.552534103364
32.776991536406 32.831812424808 32.890556190809 32.952145778317 33.015648724261 33.08027368163 33.145356951635 33.210345296495 33.274778612014 33.338274213558 33.40051340485 33.461230423673 33.520203591802 33.577248400531 33.632212253898 33.684970622053 33.735424402793 33.783498338908 33.829140388706 33.872321996238 33.913039256736 33.95131501979 33.987202010432 34.020787055629 34.052196433379 34.081602119084 34.109228125067 34.135354991537 34.160318659326 34.184497871357 34.208283753869 34.232029803707 34.255992312395 34.280284508764 34.304868107134 34.329586863037 34.354223434801 34.378553953378 34.402385086376 34.425571939183 34.448022289768 34.469693495674 34.49058654007 34.51073959868 34.530222046076 34.549128976175 34.567575883257
32.881184284608 32.930252572543 32.983197897237 33.039076515011 33.097042425514 33.156354575603 33.216373762565 33.276554024202 33.336431771435 33.395614635957 33.453771095882 33.510621364902 33.565929696318 33.619498078692 33.67116122209 33.720782711595 33.768252212966 33.813483640628 33.856414234545 33.897004538931 33.935239333839 33.971129643073 34.004716029045 34.036073478183 34.06531824367 34.092616945842 34.118197795361 34.142362512936 34.165494604553 34.188054595513 34.210547479579 34.233449861576 34.257105999359 34.281638742782 34.30693287625 34.332702798092 34.358597313404 34.384285797087 34.40950372949 34.434065041621 34.45785671201 34.480827094985 34.502973813668 34.524333326221 34.544972443479 34.564981351888 34.584467494347
