Asset/Landscape/Surfer.grd
DSAA
100 81
3 22
1 16.3
31.553479337736 37.286549345284
[rows 42 to 62 of 81, columns 47 to 93 of 100]
32.987388908457 33.031296207699 33.078949988549 33.129531434089 33.182284468851 33.236528269342 33.291660659799 33.347155681538 33.40255791246 33.457475337203 33.511571915275 33.564560515583 33.616196566239 33.666272571556 33.714613536492 33.761073283084 33.805531623321 33.847892356482 33.888082080536 33.926049846381 33.961767744671 33.995232606076 34.026469129942 34.055534948107 34.082528386607 34.107599969498 34.130968824554 34.152944477973 34.173951452605 34.194545515268 34.215394014576 34.237178847258 34.260409288597 34.285232519785 34.311396244269 34.338398825318 34.365692906153 34.392816463977 34.419434783239 34.445332294382 34.470388451005 34.494553786373 34.517830893954 34.540260425125 34.561910888969 34.582870950902 34.603243172099
33.09512091072 33.134392334022 33.177226568383 33.222916907897 33.270794138602 33.320241028579 33.370699373737 33.421671680763 33.472719348045 33.523458806683 33.573556671264 33.62272460181 33.670714316362 33.717313011849 33.762339332778 33.805639955701 33.847086818818 33.886575011661 33.924021345609 33.959363652627 33.992560913145 34.023594407281 34.05247024056 34.0792238572 34.103927588107 34.126702981299 34.147740701592 34.167331941945 34.18591499338 34.204132843059 34.222866987624 34.243146846803 34.265814665793 34.291076910952 34.318406363913 34.346919276334 34.375788667022 34.404413129916 34.432411420782 34.459565993453 34.485770468645 34.510992356171 34.535248673549 34.558590192429 34.581090974425 34.602840984752 34.623940392758
33.204016079147 33.239113256776 33.277558558357 33.318743478753 33.36207922849 33.407011329607 33.453028414694 33.499666443427 33.546509585045 33.593188860776 33.63937941507 33.684797060157 33.729194548309 33.772357879382 33.814102844541 33.854271932947 33.892731679327 33.92937050178 33.964097068743 33.996839243285 34.027543687605 34.056176284065 34.082723668026 34.107196425824 34.129634997429 34.150120259802 34.168792600095 34.185886830011 34.201796465577 34.217187193402 34.23316004901 34.251316298218 34.273238811355 34.299292490944 34.328311339966 34.358710523977 34.389317069586 34.419443269403 34.448725693604 34.476990060323 34.504170990766 34.530267716888 34.55531945687 34.579391143977 34.602564593432 34.624932517705 34.646593998911
33.313796547723 33.345123604602 33.379568238299 33.416606803468 33.455723082096 33.496422045834 33.538239241155 33.580746429643 33.623554258808 33.666312725678 33.708710100681 33.750470856534 33.791353026628 33.831145313003 33.86966417843 33.906751088918 33.942270019772 33.976105298877 34.008159835012 34.038353768507 34.066623590374 34.092921812935 34.117217358557 34.139497004508 34.159768575053 34.178067331231 34.194468742522 34.209115056234 34.222274077771 34.23447790557 34.246856218941 34.261766118277 34.28262467839 34.310315291462 34.341883748637 34.37453866779 34.406896274496 34.438366116811 34.468707531726 34.497838399018 34.525754979821 34.552496008114 34.578125147657 34.602721557001 34.626374217118 34.649178044392 34.671230834969
33.424246521335 33.452156788669 33.482948515193 33.516170845051 33.551371979118 33.588111726244 33.625970821971 33.664557271984 33.703510149092 33.742501331643 33.781235661271 33.819449952967 33.856911232324 33.89341451346 33.928780370727 33.962852499132 33.995495404206 34.026592314148 34.056043367906 34.083764104736 34.109684265519 34.133746916249 34.155907925045 34.17613587945 34.194412655506 34.210735137 34.22511929707 34.237609836454 34.248304897101 34.257429490823 34.265606684984 34.275144205492 34.294076361087 34.325642469389 34.360723887195 34.395561579905 34.429285601375 34.461670554357 34.492673019274 34.522316995101 34.550657370761 34.577765710092 34.603723683498 34.628619453413 34.652545267631 34.675595531636 34.697865034099
33.535194671678 33.559997132945 33.587446331119 33.617153587142 33.648723641463 33.681765936339 33.715903560001 33.750779871492 33.786062983867 33.821448373183 33.856659924296 33.891449740159 33.925597038293 33.958906438933 33.991205914771 34.02234462464 34.052190798401 34.080629784739 34.10756232392 34.132903068007 34.15657934291 34.178530129314 34.198705230872 34.217064595778 34.233577759793 34.248223383633 34.26098886495 34.271870017636 34.280870841526 34.288003521995 34.293289516298 34.296772724659 34.311058170821 34.350038831065 34.387380597109 34.423074564146 34.457173950474 34.489740923045 34.520843546472 34.550554917026 34.578952589655 34.606118012524 34.632135888658 34.657093427499 34.681079464419 34.704183437573 34.726494224783
33.646501110858 33.668466199191 33.692849441197 33.719315113604 33.747517131699 33.777109177755 33.807753188211 33.839126061648 33.870924575245 33.90286859383 33.934702735846 33.966196729168 33.997144741183 34.02736399162 34.05669294716 34.084989356452 34.112128323861 34.138000554575 34.162510845201 34.185576850545 34.207128132251 34.227105489273 34.245460585854 34.262155938734 34.27716542834 34.290475733626 34.302089674796 34.312034083882 34.320380122309 34.327304734711 34.333327060916 34.340560359565 34.357817674847 34.38898008444 34.423499472926 34.457699686822 34.490826487521 34.522692570481 34.553263345013 34.582559980043 34.610629163982 34.637531405741 34.663335596629 34.68811597911 34.711950112866 34.734917262718 34.757096959141
33.758047506516 33.777412161044 33.798975821703 33.822447718225 33.847524139006 33.873897609288 33.901264989518 33.929334240696 33.957829681337 33.986495649271 34.015098593078 34.043427745317 34.071294646217 34.098531860844 34.124991246669 34.150542085873 34.175069319684 34.198472037804 34.220662306825 34.241564380004 34.261114322261 34.279260113295 34.295962370655 34.311195997516 34.324953392555 34.337250574492 34.348139222614 34.357731735906 34.366257411579 34.374198852025 34.382637826633 34.393985034305 34.411989574474 34.437632995119 34.467554444657 34.498768559635 34.529874898599 34.560287527929 34.589760947301 34.618199248933 34.645578984929 34.671915300554 34.697245579522 34.721620739704 34.745100107026 34.767748059625 34.789631591333
33.869729356296 33.886701364499 33.905665066564 33.926367658373 33.948541504566 33.971912611299 33.996208512954 34.021165217203 34.046532861852 34.072079803211 34.097595004168 34.122888801377 34.147792343252 34.172156132566 34.195848140558 34.218751894055 34.240764818888 34.261797002935 34.281770456041 34.300618906987 34.318288192942 34.334737367641 34.349940797866 34.363891780236 34.37660869884 34.38814568852 34.398611650224 34.408205227032 34.417280356354 34.426465996852 34.436850092062 34.450084209861 34.467853796345 34.490520581784 34.516758178387 34.544830844822 34.573488254787 34.60200284449 34.629980323013 34.657214687428 34.683605765596 34.709114839482 34.733740373951 34.757504158844 34.780442942466 34.802603048535 34.824036670895
33.981449744601 33.996211427755 34.012771233676 34.030908167048 34.050384765929 34.070955125092 34.092372839119 34.114398402005 34.136805496543 34.159385622654 34.181950714542 34.204333750963 34.226387739787 34.247983704433 34.269008339183 34.289361867087 34.308956427648 34.327715136936 34.345571851265 34.362471636495 34.378371987872 34.393244951876 34.407080480007 34.419891629424 34.431722687139 34.44266204479 34.452862806566 34.462575549189 34.472197951986 34.482339037651 34.493864094847 34.507811203111 34.525034312099 34.545703142006 34.569192420383 34.594506470463 34.620729048834 34.647192464435 34.673460872047 34.699265668321 34.724449051456 34.748925155409 34.772655101896 34.795631148126 34.817866435213 34.839388140042 34.860232711856
34.093114108832 34.105825388129 34.120156685259 34.135913347952 34.152882454731 34.170840623815 34.189562365625 34.208828401779 34.228433061921 34.248189763578 34.267933856451 34.287522737164 34.306833831972 34.325761466183 34.344213644027 34.362109461376 34.379377491471 34.395955194153 34.411789261649 34.426836807818 34.441067388419 34.454465974859 34.467037183153 34.478811292001 34.489852880607 34.500273254384 34.510248035742 34.52004076948 34.530030444413 34.54073197103 34.552780513621 34.566832921675 34.583367398058 34.602475394142 34.6238203898 34.646804228946 34.670788105751 34.695229327607 34.719720786143 34.743978553146 34.767814517734 34.791110447532 34.813797833176 34.835843310669 34.857238339707 34.877991866673 34.898125016911
34.204625684801 34.215426513523 34.227686521492 34.241232573674 34.255870831741 34.271394501054 34.287593016907 34.304262015291 34.321212708887 34.338278869914 34.355319988788 34.372220348212 34.388885095199 34.405235121908 34.421202408876 34.436726788222 34.451754371023 34.466237450151 34.480135559163 34.493417430235 34.506063739826 34.518070695742 34.529454679088 34.540258298804 34.550558318389 34.560475884056 34.570189084493 34.579946591948 34.59007810905 34.600991848689 34.613142980588 34.626958328198 34.642725633936 34.660497179322 34.680071974285 34.701069952407 34.723045107333 34.745576284143 34.76831310131 34.79098654503 34.813401413727 34.835422801728 34.856962590476 34.877968044403 34.898412820574 34.918290063876 34.937607127744
34.315881415236 34.324893482218 34.335223238084 34.346714972058 34.359188656154 34.372447562218 34.386288706866 34.400515591803 34.41495114704 34.429447536515 34.443889874939 34.458193251225 34.472295251547 34.486147447009 34.499708592635 34.512940674865 34.525807653137 34.538276188623 34.550317651788 34.561910932242 34.573045832758 34.58372703345 34.593978745827 34.603850234988 34.613422342002 34.622814903318 34.632194373051 34.641779761029 34.651843022204 34.662697658562 34.674668445542 34.688039767661 34.702992810159 34.719556790623 34.73760036471 34.756868287759 34.777042555566 34.797800014538 34.818850375735 34.839953477377 34.8609221064 34.881617276108 34.901940703926 34.921827021944 34.941236794406 34.960150645235 34.978564458171
34.426768224657 34.434095728756 34.442621264313 34.452203512304 34.462671422554 34.473831115577 34.485477754484 34.497412668246 34.509462815203 34.521496184492 34.533426650855 34.545206854014 34.556814005681 34.568235697794 34.579460246319 34.590472411912 34.60125320011 34.611782047688 34.622040145124 34.632014214375 34.641700479567 34.651108806271 34.660267083019 34.669225905709 34.678063495054 34.6868904833 34.695853676396 34.705137082666 34.714957511801 34.725551412779 34.737150473744 34.749947184541 34.764057904944 34.779496351168 34.796169107402 34.813895302376 34.83244146495 34.851558092666 34.871008048319 34.89058351359 34.910113038272 34.929461972535 34.948529318041 34.967243094719 34.985555428956 35.003437951493 35.020877733121
34.537159725598 34.542888905823 34.549721106701 34.557528102816 34.566144203475 34.5753707732 34.584988676369 34.594781730105 34.604568294516 34.614228498952 34.623711651374 34.633020161339 34.642182120366 34.651227860069 34.660177369418 34.669037241131 34.677803096378 34.686464217913 34.695008624735 34.703427897605 34.711721618099 34.71990149755 34.727995301073 34.736050592154 34.744138153441 34.752354667736 34.76082385931 34.769694838723 34.779136030028 34.789323153021 34.800420802382 34.812559514387 34.825813252014 34.840184141218 34.855600010012 34.871925711317 34.888984006173 34.906579183856 34.924517543669 34.94262176387 34.960738923 34.978743473179 34.996536861612 35.014045259892 35.0312164287 35.048016349634 35.0644259697
34.646913662882 34.65111070288 34.656343050468 34.662497072996 34.669411750596 34.676877248533 34.684644104134 34.692453767076 34.700092885029 34.707447599081 34.714517315879 34.721377306072 34.728123964443 34.734837543918 34.741569340743 34.748343911529 34.75516678095 34.762032682055 34.768932658287 34.775859826499 34.782814059936 34.789805895105 34.796859867022 34.80401732521 34.811338596379 34.818904138043 34.826814082658 34.835185360038 34.844145534139 34.85382279745 34.86433242008 34.875761328362 34.888153928535 34.901502924226 34.915747954731 34.930782533461 34.946467155016 34.962644934357 34.979156277776 34.995850354872 35.012592630816 35.029268794311 35.045785919839 35.062071774694 35.078073033246 35.093752950826 35.109088859337
34.755870739223 34.758577795252 34.762280995295 34.766886737632 34.772243903579 34.778130682951 34.784249751164 34.790258770088 34.7958651711 34.800948749967 34.805593592993 34.80999309725 34.814336663252 34.818757887176 34.823332724224 34.828095065462 34.833052926223 34.838200863306 34.843528764148 34.849028051876 34.854696205186 34.860540179662 34.866579043931 34.872845924821 34.879389168616 34.886272456893 34.893573474641 34.901380657384 34.909787618919 34.918885171992 34.928751445 34.93944137693 34.950977551647 34.963344503078 34.97648800822 34.990319611792 35.004725235906 35.019575841135 35.034738015559 35.050082920444 35.065492818745 35.080865105772 35.096114190263 35.111171746003 35.125985853142 35.140519463272 35.154748514454
34.86385582429 34.865085514905 34.867298395318 34.870430280036 34.874354423652 34.878851592634 34.883569954162 34.888018407423 34.891715043659 34.894501960702 34.896639437225 34.898528670084 34.900476163269 34.902656388098 34.905151314459 34.907989756688 34.911172843477 34.914689124806 34.918523627247 34.922663552 34.927102078686 34.931841022972 34.936892692355 34.942281040747 34.948042058745 34.954223220063 34.960881735136 34.968081364002 34.975887650236 34.984361688229 34.993552919885 35.003491890174 35.014184207387 35.025606961241 35.037708448517 35.050411330801 35.063618568363 35.077220937384 35.091104806883 35.105159086404 35.119280681774 35.133378227842 35.147374188738 35.16120559668 35.174823763247 35.188193284937 35.201290615844
34.970682668997 34.970412660516 34.971130607155 34.972811578136 34.975375589795 34.978647338693 34.982264171413 34.985523247583 34.987468857796 34.9878005969 34.987240664496 34.986555304544 34.986145412753 34.986175788627 34.986701638095 34.987729749918 34.989246156289 34.991229430944 34.993657721559 34.996512856385 34.999782947977 35.003464108926 35.007561522848 35.01208992155 35.017073407847 35.022544498963 35.028542244547 35.035109307936 35.042288005726 35.050115485454 35.058618463245 35.067808182529 35.077676397995 35.088193144656 35.099306784535 35.110946390646 35.12302606746 35.135450471435 35.148120676226 35.160939621024 35.173816610172 35.186670599771 35.199432237388 35.212044779108 35.224464092255 35.236657978005 35.248605036696
35.076162643963 35.074333706687 35.073499949572 35.073677626362 35.074848517431 35.076935054621 35.079710040454 35.082423381529 35.0829249796 35.080276398079 35.076749264438 35.073523942294 35.070901861098 35.068950060465 35.067667558109 35.067030726593 35.06700890209 35.067571053187 35.068689216791 35.070340544264 35.07250862126 35.075184301978 35.078366120842 35.082060257107 35.086279980984 35.091044490569 35.09637705913 35.102302459653 35.108843724229 35.116018426768 35.123834828484 35.132288356941 35.14135894927 35.151009734679 35.161187349638 35.171823907531 35.182840358272 35.19415075452 35.205666843874 35.217302437724 35.228977133834 35.240619139381 35.252167107033 35.263571028816 35.274792319691 35.285803266969 35.296586031889
35.180116304152 35.176637949273 35.174147020059 35.172687077871 35.1722835072 35.172944257925 35.174656273121 35.177336981285 35.177409750149 35.170464968006 35.16419441548 35.158817991486 35.154313758839 35.150643115203 35.147764600033 35.145637377398 35.14422298064 35.143486529353 35.143397680007 35.143931370723 35.145068358649 35.146795519892 35.149105863525 35.151998198666 35.155476388421 35.159548131233 35.164223234795 35.169511395242 35.175419566596 35.181949096491 35.189092898278 35.196833001108 35.205138839549 35.213966590921 35.223259739867 35.23295086877 35.242964482536 35.253220524482 35.263638160662 35.27413941313 35.284652295153 35.295113215802 35.305468547609 35.315675364618 35.325701444395 35.335524680695 35.345132075172
