Asset/Landscape/Surfer.grd
DSAA
100 81
3 22
1 16.3
31.553479337736 37.286549345284
[rows 42 to 62 of 81, columns 0 to 46 of 100]
33.139628477774 33.139801243305 33.142349361934 33.147107435228 33.153852993444 33.162320379054 33.17221606176 33.183233350937 33.195065061825 33.20741341357 33.219997065221 33.23255561754 33.244852114888 33.256674122869 33.267833899898 33.278168080136 33.287537178239 33.295825132147 33.302939025571 33.308809075508 33.313388924174 33.316656218796 33.318613330869 33.319287569149 33.318727566918 33.316967353049 33.312240322693 33.275053345074 33.233344605364 33.191201569484 33.149023799725 33.107216611654 33.066248319854 33.026663403741 32.989087916201 32.954228930094 32.922865763294 32.895829655527 32.873968786556 32.858097375553 32.848931463284 32.847019366114 32.852679769962 32.865962033984 32.886639321137 32.914236421292 32.948084488221
33.223751753116 33.224669874048 33.227554150503 33.232269414398 33.238641730406 33.246466918908 33.25551976541 33.265562957533 33.276355069695 33.287657226681 33.299238344182 33.310879032175 33.32237435354 33.333535670474 33.344191804378 33.354189696949 33.363394699168 33.371690527099 33.37897878408 33.38517768601 33.390219038818 33.394041000997 33.39656967013 33.397666952547 33.396956939153 33.393116790581 33.381192427421 33.354685765822 33.319606949691 33.281885135022 33.24346134595 33.205199396167 33.16772243331 33.131617292153 33.097494752149 33.066006527642 33.037842751684 33.013715797525 32.994331879972 32.98035180911 32.972344212772 32.970737316271 32.97577760939 32.987503964722 33.005743159171 33.030127845361 33.060132703049
33.308406695693 33.310140160824 33.31346071788 33.318257857283 33.324399218309 33.331734689489 33.34010029769 33.349321884956 33.359218639339 33.369606512444 33.380301487112 33.39112260721 33.401894667542 33.412450475789 33.422632617501 33.432294655068 33.441301647422 33.449529754311 33.45686441833 33.463196040042 33.468410784489 33.472371170903 33.474873704726 33.475551981114 33.473650313027 33.467562042219 33.454548643616 33.43278663953 33.404152428008 33.371829909103 33.337944323414 33.303730217466 33.270020239622 33.237494307761 33.206784696689 33.178516918481 33.153319903188 33.131818487192 33.114613748669 33.102254668026 33.09520484478 33.093809069229 33.098265353127 33.108607730153 33.124703375606 33.14626470319 33.172874016081
33.393532752319 33.396146311705 33.399984901719 33.404959233895 33.410975130932 33.41793334111 33.425728068733 33.434245298658 33.443361816662 33.452945382953 33.462856060181 33.472948391292 33.483073998417 33.49308418015 33.502832144533 33.512174561647 33.520972100844 33.529088481612 33.536387235085 33.542724691811 33.547936375012 33.551811428456 33.55404524013 33.554155019424 33.551349964179 33.544427252853 33.532011965178 33.513473876557 33.489660525629 33.462284521036 33.432961253347 33.402908330771 33.373036518071 33.344083415286 33.316700394416 33.291497191374 33.269059030775 33.24994631247 33.234682785676 33.223736276007 33.217495621344 33.21624766481 33.220158258781 33.229260766088 33.243454320485 33.262512318946 33.2860997487
33.479067186083 33.482622511653 33.487044873695 33.492264604175 33.498225806389 33.504881148439 33.512184060402 33.5200809324 33.52850527481 33.537374698038 33.546590587869 33.55603977976 33.565597360696 33.575129797884 33.584497750194 33.593558049167 33.602164377032 33.610166077834 33.617404271025 33.623703935322 33.628859842819 33.632613267397 33.634616193591 33.634383994628 33.631256451583 33.624434316436 33.613202396217 33.597328482716 33.577306888619 33.55415923502 33.529034530569 33.502964665345 33.476814591277 33.451316914897 33.427116802683 33.40480333248 33.384924934247 33.367992010614 33.354470302778 33.344768215205 33.339221124653 33.33807566318 33.341476828881 33.349460317037 33.361951600969 33.378772139581 33.399651907063
33.564944678445 33.569502707396 33.574559669599 33.580065830762 33.586007800758 33.592396296899 33.599249707942 33.606578545443 33.614374166292 33.622602829858 33.631204421028 33.640094387126 33.64916737542 33.658301341584 33.667361245619 33.676201715673 33.684668192651 33.692596065692 33.699807186834 33.706102957637 33.711253051833 33.714979197218 33.716935380927 33.716691612705 33.713740532651 33.707560698474 33.697761919403 33.684270007193 33.667423355802 33.647895354252 33.626514060081 33.604110173686 33.581445797722 33.559202224128 33.537991656297 33.518371670424 33.500854206435 33.485907479106 33.473951763558 33.465350873184 33.460401432304 33.459322107095 33.46224483047 33.469209694456 33.480164583075 33.494969859532 33.513407652609
33.651096534882 33.656720418757 33.662447669974 33.668251280157 33.674170433031 33.680286931424 33.686695660279 33.693478601021 33.700687584064 33.708336331888 33.716399653926 33.724816967318 33.733497745307 33.742327236872 33.751171444994 33.759880775949 33.768291995341 33.776228208486 33.783496598696 33.789883712424 33.795148366452 33.799013134256 33.801157447223 33.801219204603 33.798816694853 33.793603711505 33.785358067321 33.774073847143 33.760005176212 33.743631463804 33.725568714548 33.706478986924 33.687010789175 33.667772392332 33.649325441711 33.632186490887 33.616829070898 33.603683167193 33.593131485707 33.585503149795 33.581066047838 33.580019261746 33.582486972903 33.58851500636 33.598070772864 33.611046867133 33.627268073241
33.737449185936 33.744208557578 33.750624662943 33.756699924968 33.762545683871 33.76833827452 33.774268111523 33.78049943349 33.787147439319 33.79427072328 33.801873565895 33.809913032212 33.818307469645 33.826944506885 33.835687651335 33.844381126043 33.852852841204 33.860915504946 33.868365960245 33.874983004858 33.880524356949 33.884724262377 33.887294659589 33.887934645451 33.88635406423 33.882314730292 33.875684382646 33.866486115663 33.85492032034 33.841347233364 33.826239655358 33.810128228179 33.793557434808 33.777058247918 33.761134345878 33.746256053353 33.732857170594 33.721331857942 33.712030427745 33.705253994919 33.701248556433 33.700199355819 33.702226439734 33.707382188564 33.715651350369 33.726953782145 33.741149768497
33.823921299439 33.83189924887 33.839000838141 33.845271873866 33.850932697816 33.856294334182 33.861671164454 33.867322372008 33.873426950683 33.88008197805 33.887312335337 33.895083956483 33.903316598226 33.911894560063 33.920674982171 33.929493835757 33.938169876277 33.946506875187 33.954294505386 33.961308416331 33.967310372696 33.972049895466 33.97526958015 33.97671684433 33.976164500454 33.973440197638 33.968460085656 33.96125700286 33.95199236014 33.940946485499 33.92849151988 33.915057204984 33.901099452888 33.887076772563 33.87343482095 33.860596828286 33.848957249726 33.838876664021 33.830676843213 33.824635670369 33.820982088542 33.819891541488 33.821482459582 33.82581429574 33.832887467568 33.842645357345 33.854978306403
33.91041785352 33.919723655623 33.927475247982 33.933791141838 33.939071774178 33.943830458441 33.948543668935 33.953574965411 33.959159747012 33.965419943137 33.972387152905 33.980024503138 33.988244280081 33.996921201262 34.005902040044 34.015012410889 34.024061412417 34.032844717852 34.041146675082 34.048742062084 34.055398347106 34.060879598073 34.064953457786 34.067402592519 34.068041336025 34.066736565008 34.063429377442 34.058152079073 34.051035033688 34.042300859744 34.032247858785 34.021227761039 34.009623252133 33.997828867688 33.986236410948 33.975224338759 33.965149883294 33.956342736174 33.949099510326 33.943678630791 33.940295654068 33.939119235951 33.940268063924 33.943809063067 33.949757102885 33.958076308477 33.968682946606
33.996816749388 34.007611808271 34.015923867049 34.022010804127 34.026597991462 34.030511608834 34.034430055831 34.038814256694 34.043932085941 34.049905829621 34.05675428574 34.064423796038 34.072809747359 34.081771230653 34.091141057203 34.100732667556 34.1103449778 34.119765918499 34.128775296043 34.137147604482 34.144655497325 34.151074733197 34.156191432256 34.159812264074 34.161777564517 34.161976302676 34.160360548289 34.156956249274 34.15186741402 34.145272387478 34.137413138835 34.128580199868 34.119096350846 34.109301444133 34.099539555515 34.09014861166 34.081452056695 34.073751966847 34.067323133726 34.06240785042 34.059211342579 34.057897936619 34.058588133526 34.061356764832 34.066232363631 34.07319781055 34.08219223702
34.082934370725 34.095492422729 34.104169275933 34.10953532314 34.112956244058 34.115732055997 34.118749095255 34.122515956297 34.127282990951 34.13313692703 34.14006089779 34.147970658013 34.156736618108 34.166197684095 34.176170317233 34.186454748454 34.19683949376 34.207104920542 34.217026439927 34.226377848753 34.234935350485 34.242482783825 34.248818505469 34.253764125861 34.257174827234 34.258950337521 34.259044979904 34.257474883721 34.254320715139 34.249725189813 34.243885827825 34.237044382358 34.229474747784 34.221470915908 34.213335969039 34.205372497706 34.197874411622 34.191119921819 34.185365457675 34.1808403629 34.17774231989 34.176233538456 34.176437792902 34.178438397865 34.182277186543 34.187954510227 34.195430234418
34.168419850569 34.183292599453 34.191886842766 34.195632155709 34.197251723903 34.198644093423 34.200776325766 34.204081799439 34.208719493356 34.214702074507 34.221958076522 34.230363711953 34.239760419108 34.249965376528 34.260778361804 34.271986629461 34.283368716781 34.294697744366 34.305744635655 34.316281629185 34.326086436055 34.334947353476 34.342669536935 34.349082420194 34.35404794509 34.357468870115 34.359296087489 34.359533753944 34.358241251052 34.355531523032 34.351566019388 34.346547043884 34.340708591008 34.334306702822 34.327610109845 34.320891586961 34.314420181442 34.308454307081 34.303235639392 34.298983756417 34.295891508264 34.294121136145 34.293801181106 34.295024218471 34.297845429627 34.302281988459 34.308313211122
34.252342233357 34.270936632667 34.278225961914 34.278766135596 34.278044031761 34.278127807161 34.27967710998 34.282883224257 34.28775405321 34.294209854133 34.302121016472 34.311325541959 34.321638496483 34.332857946162 34.344769222918 34.357148361863 34.369765157455 34.382386132408 34.394777660955 34.406709471849 34.417958739107 34.428314921691 34.437585413888 34.445601903433 34.452227113042 34.457361363895 34.460948219482 34.462978427555 34.46349152869 34.462574824225 34.46035980103 34.457016466966 34.45274625765 34.447774202358 34.442340925597 34.436694886963 34.431085094939 34.425754409829 34.420933485166 34.416835373165 34.413650818356 34.411544266234 34.410650608397 34.411072666886 34.412879389041 34.416104686444 34.420746819677
34.331160975732 34.358329832813 34.359756839608 34.355763899588 34.353324731453 34.352939936879 34.354640189121 34.358353749914 34.363964306869 34.371326724165 34.380273507082 34.390618648474 34.402160633513 34.414685153041 34.427967717053 34.441776256816 34.455873789054 34.470021231703 34.48398048303 34.497517889238 34.510408217437 34.522439209734 34.533416711996 34.543170247334 34.551558752875 34.558476049593 34.563855512862 34.567673400027 34.569950393979 34.570751124952 34.57018168552 34.568385387413 34.565537166403 34.561837099917 34.557503474164 34.552765758571 34.54785775256 34.543011089183 34.538449222302 34.53438198692 34.531000797715 34.528474529452 34.526946097365 34.526529721566 34.527308816088 34.529334392551 34.532623817417
34.394573824256 34.422028751689 34.425197044496 34.422559607333 34.421339766594 34.422168261616 34.425111206266 34.430111494405 34.437060073974 34.445815297843 34.456210702389 34.468059509474 34.481158070147 34.495288933857 34.51022377374 34.525726264287 34.541554981344 34.557466404476 34.573218117969 34.588572313332 34.603299682578 34.617183750859 34.630025626461 34.641649049256 34.651905507927 34.660679093319 34.667890687542 34.673501080986 34.677512674406 34.679969552367 34.680955879861 34.680592737563 34.679033639388 34.676459050395 34.673070243892 34.66908281746 34.664720146525 34.660207006169 34.655763545916 34.65159976073 34.647910563028 34.644871522076 34.642635295305 34.641328728321 34.641050544104 34.641869475137 34.643822613218
34.443127795211 34.464546110576 34.475167828969 34.47923468512 34.482051946437 34.485735516936 34.490994303893 34.498050075727 34.506928389556 34.517558376995 34.529812750039 34.543526728754 34.558508635425 34.574546836237 34.591414919965 34.608875954928 34.626686253539 34.644598909238 34.662367301766 34.679748728719 34.696508284 34.712423053177 34.727286626721 34.740913847082 34.753145613391 34.763853483272 34.77294375265 34.780360677533 34.786088535143 34.790152302358 34.792616842913 34.793584619577 34.793192062056 34.791604809873 34.789012105036 34.785620632791 34.781648105719 34.777316864093 34.77284772994 34.768454308543 34.76433788217 34.760682988573 34.757653721573 34.755390732204 34.75400884321 34.753595111307 34.754207069552
34.486744751479 34.506587336494 34.520454440528 34.529733852197 34.537075567765 34.544379355323 34.552644415578 34.56233504266 34.573631593829 34.586557830391 34.601044113407 34.616960648067 34.634136571934 34.652372011763 34.671446415149 34.691124778454 34.711162637195 34.731310339378 34.751316955861 34.770934089272 34.789919774877 34.808042599758 34.825086091384 34.840853341856 34.85517174503 34.867897639976 34.878920588513 34.888166979069 34.895602652682 34.901234291857 34.905109393995 34.907314756625 34.907973516316 34.907240891242 34.905298865975 34.902350117445 34.898611509482 34.894307480899 34.889663623187 34.884900695383 34.880229262845 34.875845080125 34.871925270436 34.86862528691 34.866076571769 34.864384750835 34.863628096004
34.528543238591 34.548092455709 34.564021972348 34.576934058591 34.588198884081 34.599134188862 34.610657419806 34.623308197442 34.637359376892 34.652908703884 34.669938775041 34.688354523548 34.708007107147 34.728709794809 34.75024904643 34.772392600879 34.794895656204 34.817505845216 34.839967504944 34.862025615245 34.883429691574 34.903937835164 34.923321059235 34.94136791858 34.957889373435 34.972723723014 34.985741359023 34.996849026582 35.005993250912 35.013162601555 35.018388524715 35.021744574223 35.023344000215 35.02333579371 35.021899414313 35.019238528378 35.01557414374 35.011137540149 35.006163365872 35.000883210765 34.995519887188 34.99028256503 34.985362824765 34.98093161798 34.977137057577 34.974102893626 34.971927450041
34.569261203308 34.588988468308 34.606498980179 34.622119555828 34.63662672818 34.650892661866 34.665639446547 34.681364648876 34.698360708346 34.716759964782 34.736576761091 34.757740050763 34.780117284896 34.803531731106 34.827775097493 34.852616837303 34.877811129856 34.903102285946 34.928229165064 34.952929076884 34.97694154499 35.00001222189 35.021897152353 35.042367482111 35.061214599449 35.07825558096 35.093338697397 35.106348634312 35.117211011962 35.125895767444 35.132419002109 35.136843002184 35.139274299292 35.139859826344 35.138781410406 35.136248995238 35.132493078581 35.12775687341 35.122288664038 35.116334743721 35.110133211794 35.103908795521 35.097868759621 35.092199882832 35.087066417323 35.082608899026 35.078943635485
34.609107129228 34.629203708112 34.648032672732 34.66581196653 34.683028849378 34.700271665275 34.718079356731 34.736862360199 34.756884429802 34.778276229879 34.801059475675 34.825171336194 34.850485401128 34.87682844984 34.903993346388 34.931748719126 34.959846146758 34.98802554195 35.016019358688 35.043556171607 35.070364092143 35.096174399077 35.120725666737 35.143768567568 35.16507140165 35.184426262458 35.201655591254 35.216618717433 35.229217854297 35.239402950393 35.247174814068 35.252586047462 35.255739536813 35.256784513865 35.255910476227 35.253339477895 35.249317434846 35.244105119589 35.237969454044 35.231175581333 35.223980039663 35.216625206809 35.209335053026 35.202312143366 35.195735768008 35.189761046249 35.184518838599
